46f9700a93794577bb9fe71c8634dcf6e83f1f94 0.50
46f9700a93794577bb9fe71c8634dcf6e83f1f94 0.50
0000000000000000000000000000000000000000 0.50
fa9cfb85d57624d5c1db9e60c7e3e435a4d7a94f 0.51
fa9cfb85d57624d5c1db9e60c7e3e435a4d7a94f 0.51
0000000000000000000000000000000000000000 0.51
0000000000000000000000000000000000000000 0.51
c8e6d8c21db409b580bf1577f0fa43c9c615089e 0.51
d38e041186c2a7a7ad270c07603c92fb5b08401b 0.6
d38e041186c2a7a7ad270c07603c92fb5b08401b 0.6
0000000000000000000000000000000000000000 0.6
0000000000000000000000000000000000000000 0.6
ebe0cc7b48704128f343ec77977d884da095b4f6 0.6
ebe0cc7b48704128f343ec77977d884da095b4f6 0.6
0000000000000000000000000000000000000000 0.6
0000000000000000000000000000000000000000 0.6
e84267779876d664d1a02f0adf093dcc2f5311f6 0.6
e84267779876d664d1a02f0adf093dcc2f5311f6 0.6
0000000000000000000000000000000000000000 0.6
0000000000000000000000000000000000000000 0.6
07365ee3d98f2e6c4c1640eb357378c238fe422a 0.6
07365ee3d98f2e6c4c1640eb357378c238fe422a 0.6
0000000000000000000000000000000000000000 0.6
0000000000000000000000000000000000000000 0.6
1a558336ab79dd67666719fecb5c1bd0c5717e2b 0.6
1a558336ab79dd67666719fecb5c1bd0c5717e2b 0.6
0000000000000000000000000000000000000000 0.6
0000000000000000000000000000000000000000 0.6
3065fe410524b14281bb20e928326cf40b8bc93a 0.6
